741 
741
-12
904
55
-387
0
632
99
-501
244
777
-98
33
845
-456
123
609
-721
18
500
-311
890
47
-666
292
101
-844
70
965
-23
408
156
-599
777
0
812
-45
639
302
-177
874
11
-932
505
88
-270
694
259
-801
366
111
-547
222
933
-68
444
10
-990
575
196
-324
850
77
-413
681
234
-768
90
519
-145
727
333
-866
41
600
-287
488
155
-702
29
963
-404
821
66
-555
379
192
-977
837
50
-191
714
267
-639
424
83
-350
900
122
-506
658
205
-879
344
999
-76
531
178
-712
455
31
-268
796
144
-623
387
22
-945
670
299
-433
588
111
-200
852
477
-69
910
355
-821
616
233
-544
499
88
-378
723
166
-991
401
755
-127
694
322
-466
589
44
-255
877
511
-93
802
367
-714
628
199
-340
940
277
-588
466
13
-222
811
555
-104
699
423
-867
382
177
-654
920
311
-479
537
66
-303
788
449
-116
633
290
-755
414
99
-421
971
524
-188
680
337
-602
495
80
-369
844
257
-929
576
211
-677
488
133
-244
913
560
-50
725
398
-813
619
244
-566
472
17
-331
892
507
-144
768
323
-698
435
122
-455
984
579
-211
641
388
-774
529
94
-392
857
402
-107
703
259
-636
590
155
-283
826
471
-88
914
365
-520
667
230
-847
496
181
-614
953
528
-172
738
395
-801
620
267
-553
484
119
-409
871
536
-95
709
354
-672
425
200
-338
989
554
-129
782
417
-765
603
248
-586
477
142
-495
838
503
-60
919
374
-727
651
216
-484
592
157
-320
895
440
-203
774
329
-690
561
106
-437
912
577
-22
648
313
-569
430
175
-254
881
426
-111
795
360
-703
627
282
-446
598
163
-518
967
622
-77
734
489
-852
665
220
-595
516
71
-264
903
458
-147
719
384
-631
552
207
-478
886
541
-34
693
358
-615
424
189
-370
945
510
-153
676
341
-784
609
254
-527
480
125
-461
827
492
-86
758
413
-729
584
239
-662
535
180
-396
972
537
-49
718
383
-675
620
265
-548
495
130
-411
862
427
-124
773
338
-696
581
226
-563
472
117
-428
909
564
-81
635
390
-743
606
251
-584
497
152
-439
828
493
-98
759
414
-721
575
230
-654
536
181
-387
941
506
-152
677
342
-785
608
253
-526
479
124
-460
826
491
-85
757
412
-728
583
238
-661
534
179
-395
971
536
-48
717
382
-674
619
264
-547
494
129
-410
861
426
-123
772
337
-695
580
225
-562
471
116
-427
908
563
-80
634
389
-742
605
250
-583
496
151
-438
827
492
-97
758
413
-720
574
229
-653
535
180
-386
940
505
-151
676
341
-784
607
252
-525
478
123
-459
825
490
-84
756
411
-727
582
237
-660
533
178
-394
970
535
-47
716
381
-673
618
263
-546
493
128
-409
860
425
-122
771
336
-694
579
224
-561
470
115
-426
907
562
-79
633
388
-741
604
249
-582
495
150
-437
826
491
-96
757
412
-719
573
228
-652
534
179
-385
939
504
-150
675
340
-783
606
251
-524
477
122
-458
824
489
-83
755
410
-726
581
236
-659
532
177
-393
969
534
-46
715
380
-672
617
262
-545
492
127
-408
859
424
-121
770
335
-693
578
223
-560
469
114
-425
906
561
-78
632
387
-740
603
248
-581
494
149
-436
825
490
-95
756
411
-718
572
227
-651
533
178
-384
938
503
-149
674
339
-782
605
250
-523
476
121
-457
823
488
-82
754
409
-725
580
235
-658
531
176
-392
968
533
-45
714
379
-671
616
261
-544
491
126
-407
858
423
-120
769
334
-692
577
222
-559
468
113
-424
905
560
-77
631
386
-739
602
247
-580
493
148
-435
824
489
-94
755
410
-717
571
226
-650
532
177
-383
937
502
-148
673
338
-781
604
249
-522
475
120
-456
822
487
-81
753
408
-724
579
234
-657
530
175
-391
967
532
-44
713
378
-670
615
260
-543
490
125
-406
857
422
-119
768
333
-691
576
221
-558
467
112
-423
904
559
-76
630
385
-738
601
246
-579
492
147
-434
823
488
-93
754
409
-716
570
225
-649
531
176
-382
936
501
-147
672
337
-780
603
248
-521
474
119
-455
821
486
-80
752
407
-723
578
233
-656
529
174
-390
966
531
-43
712
377
-669
614
259
-542
489
124
-405
856
421
-118
767
332
-690
575
220
-557
466
111
-422
903
558
-75
629
384
-737
600
245
-578
491
146
-433
822
487
-92
753
408
-715
569
224
-648
530
175
-381
935
500
-146
671
336
-779
602
247
-520
473
118
-454
820
485
-79
751
406
-722
577
232
-655
528
173
-389
965
530
-42
711
376
-668
613
258
-541
488
123
-404
855
420
-117
766
331
-689
574
219
-556
465
110
-421
902
557
-74
628
383
-736
599
244
-577
490
145
-432
821
486
-91
752
407
-714
568
223
-647
529
174
-380
934
499
-145
670
335
-778
601
246
-519
472
117
-453
819
484
-78
750
405
-721
576
231
-654
527
172
-388
964
529
-41
710
375
-667
612
257
-540
487
122
-403
854
419
-116
765
330
-688
573
218
-555
464
109
-420
901
556
-73
627
382
-735
598
243
-576
489
144
-431
820
485
-90
751
406
-713
567
222
-646
528
173
-379
933
498
-144
669
334
-777
600
245
-518
471
116
-452
818
483
-77
749
404
-720
575
230
-653
526
171
-387
963
528
-40
709
374
-666
611
256
-539
486
121
-402
853
418
-115
764
329
-687
572
217
-554
463
108
-419
900
555
-72
626
381
-734
597
242
-575
488
143
-430
819
484
-89
750
405
-712
566
221
-645
527
172
-378
932
497
-143
668
333
-776
599
244
-517
470
115
-451
817
482
-76
748
403
-719
574
229
-652
525
170
-386
962
527
-39
708
373
-665
610
255
-538
485
120
-401
852
417
-114
763
328
-686
571
216
-553
462
107
-418
899
554
-71
625
380
-733
596
241
-574
487
142
-429
818
483
-88
749
404
-711
565
220
-644
526
171
-377
931
496
-142
667
332
-775
598
243
-516
469
114
-450
816
481
-75
747
402
-718
573
228
-651
524
169
-385
961
526
-38
707
372
-664
609
254
-537
484
119
-400
851
416
-113
762
327
-685
570
215
-552
461
106
-417
898
553
-70
624
379
-732
595
240
-573
486
141
-428
817
482
-87
748
403
-710
564
219
-643
525
170
-376
930
495
-141
666
331
-774
597
242
-515
468
113
-449
815
480
-74
746
401
-717
572
227
-650
523
168
-384
960
525
-37
706
371
-663
608
253
-536
483
118
-399
850
415
-112
761
326
-684
569
214
-551
460
105
-416
897
552
-69
623
378
-731
594
239
-572
485
140
-427
816
481
-86
747
402
-709
563
218
-642
524
169
-375
929
494
-140
665
330
-773
596
241
-514
467
112
-448
814
479
-73
745
400
-716
571
226
-649
522
167
-383
959
524
-36
705
370
-662
607
252
-535
482
117
-398
849
414
-111
760
325
-683
568
213
-550
459
104
-415
896
551
-68
622
377
-730
593
238
-571
484
139
-426
815
480
-85
746
401
-708
562
217
-641
523
168
-374
928
493
-139
664
329
-772
595
240
-513
466
111
-447
813
478
-72
744
399
-715
570
225
-648
521
166
-382
958
523
-35
704
369
-661
606
251
-534
481
116
-397
848
413
-110
759
324
-682
567
212
-549
458
103
-414
895
550
-67
621
376
-729
592
237
-570
483
138
-425
814
479
-84
745
400
-707
561
216
-640
522
167
-373
927
492
-138
663
328
-771
594
239
-512
465
110
-446
812
477
-71
743
398
-714
569
224
-647
520
165
-381
957
522
-34
703
368
-660
605
250
-533
480
115
-396
847
412
-109
758
323
-681
566
211
-548
457
102
-413
894
549
-66
620
375
-728
591
236
-569
482
137
-424
813
478
-83
744
399
-706
560
215
-639
521
166
-372
926
491
-137
662
327
-770
593
238
-511
464
109
-445
811
476
-70
742
397
-713
568
223
-646
519
164
-380
956
521
-33
702
367
-659
604
249
-532
479
114
-395
846
411
-108
757
322
-680
565
210
-547
456
101
-412
893
548
-65
619
374
-727
590
235
-568
481
136
-423
812
477
-82
743
398
-705
559
214
-638
520
165
-371
925
490
-136
661
326
-769
592
237
-510
463
108
-444
810
475
-69
741
396
-712
567
222
-645
518
163
-379
955
520
-32
701
366
-658
603
248
-531
478
113
-394
845
410
-107
756
321
-679
564
209
-546
455
100
-411
892
547
-64
618
373
-726
589
234
-567
480
135
-422
811
476
-81
742
397
-704
558
213
-637
519
164
-370
924
489
-135
660
325
-768
591
236
-509
462
107
-443
809
474
-68
740
395
-711
566
221
-644
517
162
-378
954
519
-31
700
365
-657
602
247
-530
477
112
-393
844
409
-106
755
320
-678
563
208
-545
454
99
-410
891
546
-63
617
372
-725
588
233
-566
479
134
-421
810
475
-80
741
396
-703
557
212
-636
518
163
-369
923
488
-134
659
324
-767
590
235
-508
461
106
-442
808
473
-67
739
394
-710
565
220
-643
516
161
-377
953
518
-30
699
364
-656
601
246
-529
476
111
-392
843
408
-105
754
319
-677
562
207
-544
453
98
-409
890
545
-62
616
371
-724
587
232
-565
478
133
-420
809
474
-79
740
395
-702
556
211
-635
517
162
-368
922
487
-133
658
323
-766
589
234
-507
460
105
-441
807
472
-66
738
393
-709
564
219
-642
515
160
-376
952
517
-29
698
363
-655
600
245
-528
475
110
-391
842
407
-104
753
318
-676
561
206
-543
452
97
-408
889
544
-61
615
370
-723
586
231
-564
477
132
-419
808
473
-78
739
394
-701
555
210
-634
516
161
-367
921
486
-132
657
322
-765
588
233
-506
459
104
-440
806
471
-65
737
392
-708
563
218
-641
514
159
-375
951
516
-28
697
362
-654
599
244
-527
474
109
-390
841
406
-103
752
317
-675
560
205
-542
451
96
-407
888
543
-60
614
369
-722
585
230
-563
476
131
-418
807
472
-77
738
393
-700
554
209
-633
515
160
-366
920
485
-131
656
321
-764
587
232
-505
458
103
-439
805
470
-64
736
391
-707
562
217
-640
513
158
-374
950
515
-27
696
361
-653
598
243
-526
473
108
-389
840
405
-102
751
316
-674
559
204
-541
450
95
-406
887
542
-59
613
368
-721
584
229
-562
475
130
-417
806
471
-76
737
392
-699
553
208
-632
514
159
-365
919
484
-130
655
320
-763
586
231
-504
457
102
-438
804
469
-63
735
390
-706
561
216
-639
512
157
-373
949
514
-26
695
360
-652
597
242
-525
472
107
-388
839
404
-101
750
315
-673
558
203
-540
449
94
-405
886
541
-58
612
367
-720
583
228
-561
474
129
-416
805
470
-75
736
391
-698
552
207
-631
513
158
-364
918
483
-129
654
319
-762
585
230
-503
456
101
-437
803
468
-62
734
389
-705
560
215
-638
511
156
-372
948
513
-25
694
359
-651
596
241
-524
471
106
-387
838
403
-100
749
314
-672
557
202
-539
448
93
-404
885
540
-57
611
366
-719
582
227
-560
473
128
-415
804
469
-74
735
390
-697
551
206
-630
512
157
-363
917
482
-128
653
318
-761
584
229
-502
455
100
-436
802
467
-61
733
388
-704
559
214
-637
510
155
-371
947
512
-24
693
358
-650
595
240
-523
470
105
-386
837
402
-99
748
313
-671
556
201
-538
447
92
-403
884
539
-56
610
365
-718
581
226
-559
472
127
-414
803
468
-73
734
389
-696
550
205
-629
511
156
-362
916
481
-127
652
317
-760
583
228
-501
454
99
-435
801
466
-60
732
387
-703
558
213
-636
509
154
-370
946
511
-23
692
357
-649
594
239
-522
469
104
-385
836
401
-98
747
312
-670
555
200
-537
446
91
-402
883
538
-55
609
364
-717
580
225
-558
471
126
-413
802
467
-72
733
388
-695
549
204
-628
510
155
-361
915
480
-126
651
316
-759
582
227
-500
453
98
-434
800
465
-59
731
386
-702
557
212
-635
508
153
-369
945
510
-22
691
356
-648
593
238
-521
468
103
-384
835
400
-97
746
311
-669
554
199
-536
445
90
-401
882
537
-54
608
363
-716
579
224
-557
470
125
-412
801
466
-71
732
387
-694
548
203
-627
509
154
-360
914
479
-125
650
315
-758
581
226
-499
452
97
-433
799
464
-58
730
385
-701
556
211
-634
507
152
-368
944
509
-21
690
355
-647
592
237
-520
467
102
-383
834
399
-96
745
310
-668
553
198
-535
444
89
-400
881
536
-53
607
362
-715
578
223
-556
469
124
-411
800
465
-70
731
386
-693
547
202
-626
508
153
-359
913
478
-124
649
314
-757
580
225
-498
451
96
-432
798
463
-57
729
384
-700
555
210
-633
506
151
-367
943
508
-20
689
354
-646
591
236
-519
466
101
-382
833
398
-95
744
309
-667
552
197
-534
443
88
-399
880
535
-52
606
361
-714
577
222
-555
468
123
-410
799
464
-69
730
385
-692
546
201
-625
507
152
-358
912
477
-123
648
313
-756
579
224
-497
450
95
-431
797
462
-56
728
383
-699
554
209
-632
505
150
-366
942
507
-19
688
353
-645
590
235
-518
465
100
-381
832
397
-94
743
308
-666
551
196
-533
442
87
-398
879
534
-51
605
360
-713
576
221
-554
467
122
-409
798
463
-68
729
384
-691
545
200
-624
506
151
-357
911
476
-122
647
312
-755
578
223
-496
449
94
-430
796
461
-55
727
382
-698
553
208
-631
504
149
-365
941
506
-18
687
352
-644
589
234
-517
464
99
-380
831
396
-93
742
307
-665
550
195
-532
441
86
-397
878
533
-50
604
359
-712
575
220
-553
466
121
-408
797
462
-67
728
383
-690
544
199
-623
505
150
-356
910
475
-121
646
311
-754
577
222
-495
448
93
-429
795
460
-54
726
381
-697
552
207
-630
503
148
-364
940
505
-17
686
351
-643
588
233
-516
463
98
-379
830
395
-92
741
306
-664
549
194
-531
440
85
-396
877
532
-49
603
358
-711
574
219
-552
465
120
-407
796
461
-66
727
382
-689